time	V(n002)
0.000000000000000e+000	9.212473e-001
9.999999837751590e-018	9.212473e-001
1.999999967550318e-017	9.212473e-001
4.682857066878532e-014	9.212723e-001
9.363714133789514e-014	9.212973e-001
1.404457120070050e-013	9.213223e-001
1.872542826761148e-013	9.213472e-001
2.340628533452246e-013	9.213721e-001
2.808714240143344e-013	9.213971e-001
3.276799946834441e-013	9.214219e-001
6.553599893668882e-013	9.215953e-001
1.310719978733776e-012	9.219363e-001
2.310719978733776e-012	9.224347e-001
3.310719978733776e-012	9.228738e-001
4.310719978733776e-012	9.231913e-001
5.310719978733776e-012	9.233307e-001
6.310719978733775e-012	9.232646e-001
7.310719978733775e-012	9.229922e-001
8.310719978733775e-012	9.225392e-001
9.000000000000000e-012	9.221112e-001
9.999999999999999e-012	9.213718e-001
1.010000000000000e-011	9.212556e-001
1.030000000000000e-011	9.210232e-001
1.070000000000000e-011	9.205585e-001
1.150000000000000e-011	9.196291e-001
1.250000000000000e-011	9.184678e-001
1.350000000000000e-011	9.173067e-001
1.450000000000000e-011	9.161459e-001
1.550000000000000e-011	9.149855e-001
1.650000000000000e-011	9.138255e-001
1.750000000000000e-011	9.126658e-001
1.850000000000000e-011	9.115064e-001
1.950000000000000e-011	9.103473e-001
2.050000000000000e-011	9.091886e-001
2.150000000000000e-011	9.080303e-001
2.250000000000000e-011	9.068722e-001
2.350000000000000e-011	9.057145e-001
2.450000000000000e-011	9.045571e-001
2.550000000000000e-011	9.034001e-001
2.650000000000000e-011	9.022434e-001
2.750000000000000e-011	9.010870e-001
2.850000000000000e-011	8.999310e-001
2.950000000000000e-011	8.987753e-001
3.050000000000000e-011	8.976200e-001
3.250000000000000e-011	8.953103e-001
3.550000000000001e-011	8.918482e-001
3.821428571428574e-011	8.887185e-001
4.092857142857146e-011	8.855913e-001
4.364285714285719e-011	8.824665e-001
4.635714285714290e-011	8.793442e-001
4.907142857142864e-011	8.762244e-001
5.178571428571435e-011	8.731070e-001
5.450000000000007e-011	8.699921e-001
1.060714285714285e-010	8.111710e-001
1.576428571428569e-010	7.533300e-001
2.092142857142853e-010	6.964692e-001
2.607857142857138e-010	6.405885e-001
3.123571428571421e-010	5.856880e-001
3.639285714285706e-010	5.317677e-001
4.154999999999989e-010	4.788275e-001
4.509285714285702e-010	4.429674e-001
4.863571428571415e-010	4.084452e-001
5.217857142857129e-010	3.752610e-001
5.572142857142842e-010	3.434147e-001
5.926428571428556e-010	3.129064e-001
6.280714285714269e-010	2.837360e-001
6.634999999999981e-010	2.559035e-001
6.947857142857123e-010	2.332463e-001
7.260714285714264e-010	2.119869e-001
7.573571428571406e-010	1.921255e-001
7.886428571428549e-010	1.736618e-001
8.199285714285690e-010	1.565960e-001
8.512142857142832e-010	1.409281e-001
8.824999999999973e-010	1.266581e-001
8.996428571428554e-010	1.193545e-001
9.167857142857137e-010	1.123845e-001
9.339285714285719e-010	1.057478e-001
9.510714285714300e-010	9.944462e-002
9.682142857142881e-010	9.347483e-002
9.853571428571462e-010	8.783848e-002
1.002500000000004e-009	8.253556e-002
1.003500000000004e-009	8.223359e-002
1.030928571428579e-009	7.444421e-002
1.058357142857153e-009	6.723070e-002
1.085785714285727e-009	6.059305e-002
1.113214285714301e-009	5.453128e-002
1.140642857142875e-009	4.904536e-002
1.168071428571450e-009	4.413532e-002
1.195500000000024e-009	3.980114e-002
1.221071428571455e-009	3.610364e-002
1.246642857142886e-009	3.268156e-002
1.272214285714317e-009	2.953492e-002
1.297785714285748e-009	2.666370e-002
1.323357142857179e-009	2.406791e-002
1.348928571428611e-009	2.174754e-002
1.374500000000042e-009	1.970260e-002
1.399500000000044e-009	1.787116e-002
1.424500000000047e-009	1.617775e-002
1.449500000000049e-009	1.462237e-002
1.474500000000052e-009	1.320504e-002
1.499500000000054e-009	1.192574e-002
1.524500000000057e-009	1.078447e-002
1.549500000000059e-009	9.781243e-003
1.574071428571490e-009	8.876982e-003
1.598642857142921e-009	8.040946e-003
1.623214285714352e-009	7.273134e-003
1.647785714285783e-009	6.573546e-003
1.672357142857214e-009	5.942184e-003
1.696928571428645e-009	5.379045e-003
1.721500000000076e-009	4.884131e-003
1.746642857142935e-009	4.420736e-003
1.771785714285793e-009	3.993169e-003
1.796928571428652e-009	3.601429e-003
1.822071428571511e-009	3.245517e-003
1.847214285714369e-009	2.925434e-003
1.872357142857228e-009	2.641178e-003
1.897500000000087e-009	2.392750e-003
1.915928571428656e-009	2.222303e-003
1.934357142857225e-009	2.062223e-003
1.952785714285795e-009	1.912511e-003
1.971214285714365e-009	1.773166e-003
1.989642857142934e-009	1.644188e-003
2.008071428571503e-009	1.525579e-003
2.026500000000073e-009	1.417336e-003
2.027500000000073e-009	1.411594e-003
2.056928571428641e-009	1.256872e-003
2.086357142857209e-009	1.115651e-003
2.115785714285777e-009	9.879303e-004
2.145214285714346e-009	8.737100e-004
2.174642857142914e-009	7.729903e-004
2.204071428571482e-009	6.857712e-004
2.233500000000051e-009	6.120526e-004
2.269642857142904e-009	5.318643e-004
2.305785714285757e-009	4.597581e-004
2.341928571428610e-009	3.957342e-004
2.378071428571464e-009	3.397924e-004
2.414214285714317e-009	2.919327e-004
2.450357142857171e-009	2.521553e-004
2.486500000000024e-009	2.204600e-004
2.537500000000018e-009	1.823871e-004
2.588500000000013e-009	1.490787e-004
2.639500000000007e-009	1.205351e-004
2.690500000000002e-009	9.675599e-005
2.741499999999996e-009	7.774154e-005
2.792499999999991e-009	6.349173e-005
2.843499999999986e-009	5.400653e-005
2.873071428571411e-009	4.840788e-005
2.902642857142836e-009	4.330030e-005
2.932214285714262e-009	3.868379e-005
2.961785714285687e-009	3.455836e-005
2.991357142857112e-009	3.092400e-005
3.020928571428538e-009	2.778071e-005
3.050499999999963e-009	2.512850e-005
3.051499999999963e-009	2.503985e-005
3.197357142857111e-009	1.773766e-005
3.343214285714259e-009	1.185221e-005
3.489071428571407e-009	7.383502e-006
3.634928571428555e-009	4.331529e-006
3.780785714285702e-009	2.696294e-006
3.926642857142851e-009	2.477796e-006
4.072499999999998e-009	3.676037e-006
4.075499999999999e-009	3.671929e-006
5.099500000000313e-009	3.343223e-006
6.123500000000627e-009	3.338166e-006
7.147500000000941e-009	3.338089e-006
8.171500000000660e-009	3.338087e-006
8.999000000000000e-009	3.338087e-006
9.000000000000000e-009	3.338087e-006
9.000099999999954e-009	1.356127e-005
9.000299999999862e-009	3.403895e-005
9.000699999999678e-009	7.515783e-005
9.001499999999311e-009	1.593019e-004
9.002499999999311e-009	2.766346e-004
9.003499999999310e-009	4.182213e-004
9.004499999999310e-009	5.802326e-004
9.005499999999309e-009	7.492305e-004
9.006499999999309e-009	9.199234e-004
9.007499999999308e-009	1.094388e-003
9.008499999999308e-009	1.275471e-003
9.009000000000000e-009	1.372519e-003
9.009999999999999e-009	1.578697e-003
9.010100000000000e-009	1.547932e-003
9.010299999999999e-009	1.487213e-003
9.010699999999999e-009	1.369492e-003
9.011499999999999e-009	1.144202e-003
9.012499999999999e-009	8.747500e-004
9.013499999999998e-009	6.144315e-004
9.014499999999998e-009	3.596928e-004
9.015499999999997e-009	1.087544e-004
9.016499999999997e-009	-1.337462e-004
9.017499999999996e-009	-3.553881e-004
9.018499999999996e-009	-5.534357e-004
9.019000000000000e-009	-6.468262e-004
9.019999999999999e-009	-8.318292e-004
9.020100000000000e-009	-8.199796e-004
9.020299999999999e-009	-7.968848e-004
9.020699999999999e-009	-7.534366e-004
9.021499999999999e-009	-6.745969e-004
9.022499999999999e-009	-5.877097e-004
9.023499999999998e-009	-5.125313e-004
9.024499999999998e-009	-4.474773e-004
9.025499999999997e-009	-3.906688e-004
9.026499999999997e-009	-3.406445e-004
9.027499999999996e-009	-2.962560e-004
9.028499999999995e-009	-2.565921e-004
9.029499999999995e-009	-2.209236e-004
9.030499999999994e-009	-1.886614e-004
9.031499999999994e-009	-1.593261e-004
9.032499999999993e-009	-1.325238e-004
9.033499999999993e-009	-1.079284e-004
9.034499999999992e-009	-8.526828e-005
9.035499999999992e-009	-6.431503e-005
9.036499999999991e-009	-4.487561e-005
9.037499999999991e-009	-2.678571e-005
9.038499999999990e-009	-9.905869e-006
9.039499999999990e-009	5.882004e-006
9.041499999999989e-009	3.459063e-005
9.043499999999988e-009	6.004519e-005
9.045499999999987e-009	8.277873e-005
9.047499999999986e-009	1.032079e-004
9.050499999999984e-009	1.302392e-004
9.053499999999982e-009	1.536840e-004
9.056499999999981e-009	1.741876e-004
9.059499999999979e-009	1.922418e-004
9.061928571428549e-009	2.050578e-004
9.064357142857120e-009	2.169710e-004
9.066785714285689e-009	2.279815e-004
9.069214285714260e-009	2.380892e-004
9.071642857142830e-009	2.472941e-004
9.074071428571401e-009	2.555963e-004
9.076499999999971e-009	2.629957e-004
9.080214285714255e-009	2.731876e-004
9.083928571428537e-009	2.824530e-004
9.087642857142822e-009	2.907919e-004
9.091357142857106e-009	2.982043e-004
9.095071428571390e-009	3.046901e-004
9.098785714285673e-009	3.102495e-004
9.102499999999957e-009	3.148824e-004
9.108357142857097e-009	3.210407e-004
9.114214285714237e-009	3.262939e-004
9.120071428571377e-009	3.306419e-004
9.125928571428516e-009	3.340847e-004
9.131785714285656e-009	3.366223e-004
9.137642857142796e-009	3.382548e-004
9.143499999999936e-009	3.389820e-004
9.149499999999933e-009	3.393456e-004
9.155499999999929e-009	3.393373e-004
9.161499999999926e-009	3.389570e-004
9.167499999999923e-009	3.382048e-004
9.173499999999920e-009	3.370808e-004
9.179499999999917e-009	3.355848e-004
9.185499999999914e-009	3.337169e-004
9.186499999999913e-009	3.334002e-004
9.202499999999905e-009	3.269482e-004
9.218499999999897e-009	3.199684e-004
9.234499999999888e-009	3.124607e-004
9.250499999999880e-009	3.044251e-004
9.266499999999872e-009	2.958616e-004
9.282499999999863e-009	2.867702e-004
9.298499999999855e-009	2.771510e-004
9.338357142856977e-009	2.539876e-004
9.378214285714100e-009	2.322619e-004
9.418071428571222e-009	2.119740e-004
9.457928571428343e-009	1.931237e-004
9.497785714285465e-009	1.757113e-004
9.537642857142587e-009	1.597365e-004
9.577499999999710e-009	1.451995e-004
9.667785714285377e-009	1.200751e-004
9.758071428571045e-009	9.841288e-005
9.848357142856712e-009	8.021288e-005
9.938642857142379e-009	6.547508e-005
1.002892857142805e-008	5.419950e-005
1.011921428571371e-008	4.638613e-005
1.020949999999938e-008	4.203496e-005
1.021049999999938e-008	4.197298e-005
1.035664285714216e-008	3.543819e-005
1.050278571428494e-008	2.986644e-005
1.064892857142772e-008	2.525772e-005
1.079507142857051e-008	2.161204e-005
1.094121428571329e-008	1.892939e-005
1.108735714285607e-008	1.720978e-005
1.123349999999885e-008	1.645320e-005
1.123449999999885e-008	1.644398e-005
1.225849999999831e-008	1.067570e-005
1.328249999999778e-008	8.081895e-006
1.430649999999725e-008	6.597798e-006
1.533049999999743e-008	5.639450e-006
1.635449999999859e-008	4.972040e-006
1.737849999999975e-008	4.482427e-006
1.800000000000000e-008	4.244778e-006
1.800009999999991e-008	3.484479e-005
1.800029999999973e-008	9.596103e-005
1.800069999999937e-008	2.178334e-004
1.800149999999864e-008	4.617643e-004
1.800249999999864e-008	7.759185e-004
1.800349999999864e-008	1.111002e-003
1.800449999999864e-008	1.463191e-003
1.800649999999865e-008	2.170630e-003
1.800849999999865e-008	2.862484e-003
1.800900000000000e-008	3.032660e-003
1.801000000000000e-008	3.370356e-003
1.801010000000000e-008	3.367663e-003
1.801030000000000e-008	3.362285e-003
1.802261428571430e-008	3.052812e-003
1.803492857142860e-008	2.766676e-003
1.804724285714290e-008	2.503876e-003
1.805955714285720e-008	2.264412e-003
1.807187142857150e-008	2.048284e-003
1.808418571428580e-008	1.855493e-003
1.809650000000010e-008	1.686038e-003
1.810950000000011e-008	1.522663e-003
1.812250000000013e-008	1.372155e-003
1.813550000000014e-008	1.234515e-003
1.814850000000015e-008	1.109742e-003
1.816150000000017e-008	9.978361e-004
1.817450000000018e-008	8.987980e-004
1.818750000000020e-008	8.126273e-004
1.820207142857165e-008	7.252416e-004
1.821664285714309e-008	6.453521e-004
1.823121428571454e-008	5.729586e-004
1.824578571428598e-008	5.080612e-004
1.826035714285742e-008	4.506599e-004
1.827492857142887e-008	4.007547e-004
1.828950000000031e-008	3.583456e-004
1.830464285714319e-008	3.184430e-004
1.831978571428606e-008	2.820617e-004
1.833492857142894e-008	2.492017e-004
1.835007142857181e-008	2.198629e-004
1.836521428571469e-008	1.940454e-004
1.838035714285756e-008	1.717491e-004
1.839550000000043e-008	1.529741e-004
1.839650000000044e-008	1.517504e-004
1.841964285714332e-008	1.274310e-004
1.844278571428620e-008	1.059588e-004
1.846592857142908e-008	8.733396e-005
1.848907142857197e-008	7.155644e-005
1.851221428571485e-008	5.862624e-005
1.853535714285774e-008	4.854336e-005
1.855850000000062e-008	4.130779e-005
1.859650000000066e-008	3.168783e-005
1.863450000000071e-008	2.353972e-005
1.867250000000075e-008	1.686347e-005
1.871050000000079e-008	1.165908e-005
1.874850000000084e-008	7.926544e-006
1.878650000000088e-008	5.665869e-006
1.882450000000092e-008	4.877053e-006
1.890950000000102e-008	3.146540e-006
1.899450000000111e-008	1.762636e-006
1.907950000000121e-008	7.253396e-007
1.916450000000131e-008	3.465102e-008
1.924950000000140e-008	-3.094296e-007
1.933450000000150e-008	-3.069024e-007
1.941950000000160e-008	4.223275e-008
1.942050000000160e-008	4.190510e-008
2.044450000000276e-008	1.293309e-009
2.146850000000392e-008	1.283266e-009
2.249250000000508e-008	1.284108e-009
2.351650000000624e-008	1.284971e-009
2.454050000000740e-008	1.285851e-009
2.556450000000856e-008	1.286750e-009
2.658850000000972e-008	1.287668e-009
2.701000000000000e-008	1.288051e-009
2.701000000000204e-008	1.286963e-009
2.701000000000612e-008	1.284788e-009
2.701015652241903e-008	-8.348674e-005
2.701031304483194e-008	-1.668854e-004
2.701046956724486e-008	-2.501946e-004
2.701062608965777e-008	-3.334144e-004
2.701078261207068e-008	-4.165449e-004
2.701093913448359e-008	-4.995860e-004
2.701109565689650e-008	-5.825376e-004
2.701209565689650e-008	-1.111683e-003
2.701309565689650e-008	-1.639671e-003
2.701409565689650e-008	-2.167677e-003
2.701509565689651e-008	-2.697357e-003
2.701609565689651e-008	-3.225500e-003
2.701709565689651e-008	-3.729735e-003
2.701809565689651e-008	-4.186169e-003
2.701909565689651e-008	-4.606075e-003
2.702000000000000e-008	-4.976075e-003
2.702009043431035e-008	-4.975778e-003
2.702027130293105e-008	-4.974538e-003
2.702063304017244e-008	-4.966143e-003
2.702135651465524e-008	-4.918430e-003
2.702235651465524e-008	-4.781827e-003
2.702335651465524e-008	-4.560482e-003
2.702435651465524e-008	-4.262788e-003
2.702535651465524e-008	-3.909864e-003
2.702635651465524e-008	-3.519927e-003
2.702735651465525e-008	-3.106050e-003
2.702835651465525e-008	-2.676895e-003
2.702935651465525e-008	-2.238027e-003
2.703035651465525e-008	-1.792987e-003
2.703135651465525e-008	-1.344031e-003
2.703235651465525e-008	-8.925946e-004
2.703335651465525e-008	-4.395975e-004
2.703435651465525e-008	1.437186e-005
2.703535651465526e-008	4.689364e-004
2.703635651465526e-008	9.238547e-004
2.703735651465526e-008	1.378972e-003
2.703835651465526e-008	1.834189e-003
2.703935651465526e-008	2.289442e-003
2.704135651465526e-008	3.199907e-003
2.704307080036955e-008	3.980185e-003
2.704478508608384e-008	4.760245e-003
2.704649937179812e-008	5.540086e-003
2.704821365751241e-008	6.319708e-003
2.704992794322670e-008	7.099112e-003
2.705164222894099e-008	7.878297e-003
2.705335651465528e-008	8.657264e-003
2.712807080036965e-008	4.237975e-002
2.720278508608401e-008	7.567409e-002
2.727749937179839e-008	1.085403e-001
2.735221365751276e-008	1.409784e-001
2.742692794322713e-008	1.729883e-001
2.750164222894150e-008	2.045701e-001
2.757635651465587e-008	2.357237e-001
2.757735651465587e-008	2.361378e-001
2.768321365751313e-008	2.798341e-001
2.778907080037040e-008	3.223655e-001
2.789492794322766e-008	3.637319e-001
2.800078508608492e-008	4.039333e-001
2.810664222894218e-008	4.429697e-001
2.821249937179945e-008	4.808411e-001
2.831835651465671e-008	5.175475e-001
2.835864222894247e-008	5.309359e-001
2.839892794322823e-008	5.440486e-001
2.843921365751399e-008	5.568855e-001
2.847949937179975e-008	5.694467e-001
2.851978508608551e-008	5.817322e-001
2.856007080037127e-008	5.937420e-001
2.860035651465703e-008	6.054760e-001
2.860135651465703e-008	6.057633e-001
2.870178508608571e-008	6.336034e-001
2.880221365751440e-008	6.596842e-001
2.890264222894309e-008	6.840058e-001
2.900307080037177e-008	7.065680e-001
2.910349937180046e-008	7.273711e-001
2.920392794322914e-008	7.464148e-001
2.930435651465783e-008	7.636993e-001
2.935007080037217e-008	7.710949e-001
2.939578508608650e-008	7.782055e-001
2.944149937180084e-008	7.850310e-001
2.948721365751518e-008	7.915714e-001
2.953292794322952e-008	7.978267e-001
2.957864222894385e-008	8.037969e-001
2.962435651465819e-008	8.094821e-001
2.962535651465819e-008	8.096041e-001
2.973464222894403e-008	8.219558e-001
2.984392794322987e-008	8.332567e-001
2.995321365751571e-008	8.435069e-001
3.006249937180154e-008	8.527064e-001
3.017178508608738e-008	8.608551e-001
3.028107080037322e-008	8.679531e-001
3.039035651465906e-008	8.740004e-001
3.042721365751624e-008	8.759530e-001
3.046407080037343e-008	8.778341e-001
3.050092794323061e-008	8.796436e-001
3.053778508608780e-008	8.813816e-001
3.057464222894498e-008	8.830481e-001
3.061149937180217e-008	8.846430e-001
3.064835651465935e-008	8.861665e-001
3.064935651465935e-008	8.862071e-001
3.073764222894516e-008	8.895545e-001
3.082592794323098e-008	8.926439e-001
3.091421365751679e-008	8.954752e-001
3.100249937180261e-008	8.980486e-001
3.109078508608842e-008	9.003639e-001
3.117907080037424e-008	9.024212e-001
3.126735651466005e-008	9.042205e-001
3.132521365751726e-008	9.053292e-001
3.138307080037447e-008	9.063759e-001
3.144092794323167e-008	9.073606e-001
3.149878508608889e-008	9.082833e-001
3.155664222894609e-008	9.091440e-001
3.161449937180330e-008	9.099428e-001
3.167235651466051e-008	9.106795e-001
3.167335651466051e-008	9.106920e-001
3.176435651466061e-008	9.117440e-001
3.185535651466072e-008	9.127113e-001
3.194635651466082e-008	9.135941e-001
3.203735651466092e-008	9.143923e-001
3.212835651466103e-008	9.151059e-001
3.221935651466113e-008	9.157348e-001
3.231035651466123e-008	9.162792e-001
3.236549937180416e-008	9.165907e-001
3.242064222894707e-008	9.168853e-001
3.247578508608999e-008	9.171629e-001
3.253092794323291e-008	9.174236e-001
3.258607080037583e-008	9.176674e-001
3.264121365751875e-008	9.178942e-001
3.269635651466167e-008	9.181041e-001
3.269735651466167e-008	9.181078e-001
3.280907080037609e-008	9.184853e-001
3.292078508609050e-008	9.188275e-001
3.303249937180491e-008	9.191342e-001
3.314421365751932e-008	9.194055e-001
3.325592794323373e-008	9.196414e-001
3.336764222894815e-008	9.198419e-001
3.347935651466256e-008	9.200071e-001
3.372135651466283e-008	9.203171e-001
3.386749937180586e-008	9.204581e-001
3.401364222894888e-008	9.205832e-001
3.415978508609190e-008	9.206926e-001
3.430592794323492e-008	9.207861e-001
3.445207080037795e-008	9.208638e-001
3.459821365752097e-008	9.209256e-001
3.474435651466399e-008	9.209716e-001
3.474535651466399e-008	9.209720e-001
3.489149937180702e-008	9.210137e-001
3.503764222895004e-008	9.210508e-001
3.518378508609306e-008	9.210832e-001
3.532992794323608e-008	9.211108e-001
3.547607080037911e-008	9.211338e-001
3.562221365752213e-008	9.211521e-001
3.576835651466515e-008	9.211657e-001
3.576935651466516e-008	9.211658e-001
3.599900000000000e-008	9.211853e-001
3.600000000000000e-008	9.211854e-001
